# Wed 07:21:48 18-Oct-2017
# Features identified in image /tmp/139.229.7.252/output12620.
#       Pixel        Fit       User   Residual Fwidth Wt Label
 1    43.34  3964.7217  3964.7289 -0.0072498   2.00  1 HeI
 2    53.77   3968.347  3968.3594 -0.0124144   2.00  1 ArII
 3    71.49  3974.5013  3974.4766 0.02467979   2.00  1 ArII
 4    85.50  3979.3709  3979.3559 0.01496821   2.00  1 ArII
 5   129.85  3994.7826  3994.7918 -0.0092078   2.00  1 ArII
 6   171.61  4009.2934   4009.268 0.02535226   2.00  1 HeI
 7   184.73  4013.8508  4013.8566 -0.0057936   2.00  1 ArII
 8   242.12  4033.7931  4033.8093  -0.016228   2.00  1 ArII
 9   246.87  4035.4448    4035.46 -0.0151675   2.00  1 ArII
10   272.69  4044.4167  4044.4179 -0.0011644   2.00  1 ArI
11   297.17  4052.9244  4052.9208 0.00362136   2.00  1 ArII
12   301.74  4054.5126  4054.5258 -0.0131538   2.00  1 ArI
13   381.97  4082.3918  4082.3872 0.00464985   2.00  1 ArII
14   443.83  4103.8841  4103.9121 -0.0279756   2.00  1 ArII
15   469.53  4112.8152  4112.8153 -1.1680E-4   2.00  1 ArII
16   492.58  4120.8241   4120.815 0.00913459   2.00  1 HeI
17   523.95  4131.7257  4131.7235 0.00221495   2.00  1 ArII
18   594.09  4156.1003   4156.086 0.01425142   2.00  1 ArII
19   601.28   4158.597  4158.5907 0.00628472   2.00  1 ArI
20   617.35  4164.1818  4164.1795 0.00234094   2.00  1 ArI
21   631.13  4168.9707   4168.967 0.00372752   2.00  1 HeI
22   668.32  4181.8918  4181.8836 0.00816961   2.00  1 ArI
23   715.59  4198.3188   4198.317 0.00179912   2.00  1 ArI
24   722.37  4200.6757  4200.6745 0.00116206   2.00  1 ArI
25   785.56  4222.6309  4222.6373 -0.0064074   2.00  1 ArII
26   827.53  4237.2182  4237.2198 -0.0016107   2.00  1 ArII
27   867.71  4251.1802  4251.1846 -0.0044124   2.00  1 ArI
28   891.25  4259.3581  4259.3619 -0.0037523   2.00  1 ArI
29   928.09  4272.1614  4272.1689 -0.0074983   2.00  1 ArI
30   943.53  4277.5256  4277.5282 -0.0026275   2.00  1 ArII
31   958.99  4282.8984  4282.8976 8.18427E-4   2.00  1 ArII
32  1008.55  4300.1188  4300.1008 0.01803023   2.00  1 ArI
33  1098.05  4331.2192  4331.1995 0.01973754   2.00  1 ArII
34  1104.78  4333.5579  4333.5612 -0.0033318   2.00  1 ArI
35  1109.88  4335.3306  4335.3379 -0.0073418   2.00  1 ArI
36  1138.18  4345.1647   4345.168 -0.0033397   2.00  1 ArI
37  1146.54  4348.0673   4348.064 0.00328148   2.00  1 ArII
38  1158.40  4352.1888  4352.2049 -0.0161159   2.00  1 ArII
39  1203.40  4367.8267  4367.8316 -0.0048648   2.00  1 ArII
40  1237.49  4379.6724  4379.6668 0.00555028   2.00  1 ArII
 1    43.34  3964.7217  3964.7289 -0.0072498   2.00  1 HeI
 2    53.77   3968.347  3968.3594 -0.0124144   2.00  1 ArII
 3    71.49  3974.5013  3974.4766 0.02467979   2.00  1 ArII
 4    85.50  3979.3709  3979.3559 0.01496821   2.00  1 ArII
 5   129.85  3994.7826  3994.7918 -0.0092078   2.00  1 ArII
 6   171.61  4009.2934   4009.268 0.02535226   2.00  1 HeI
 7   184.73  4013.8508  4013.8566 -0.0057936   2.00  1 ArII
 8   242.12  4033.7931  4033.8093  -0.016228   2.00  1 ArII
 9   246.87  4035.4448    4035.46 -0.0151675   2.00  1 ArII
10   272.69  4044.4167  4044.4179 -0.0011644   2.00  1 ArI
11   297.17  4052.9244  4052.9208 0.00362136   2.00  1 ArII
12   301.74  4054.5126  4054.5258 -0.0131538   2.00  1 ArI
13   381.97  4082.3918  4082.3872 0.00464985   2.00  1 ArII
14   443.83  4103.8841  4103.9121 -0.0279756   2.00  1 ArII
15   469.53  4112.8152  4112.8153 -1.1680E-4   2.00  1 ArII
16   492.58  4120.8241   4120.815 0.00913459   2.00  1 HeI
17   523.95  4131.7257  4131.7235 0.00221495   2.00  1 ArII
18   594.09  4156.1003   4156.086 0.01425142   2.00  1 ArII
19   601.28   4158.597  4158.5907 0.00628472   2.00  1 ArI
20   617.35  4164.1818  4164.1795 0.00234094   2.00  1 ArI
21   631.13  4168.9707   4168.967 0.00372752   2.00  1 HeI
22   668.32  4181.8918  4181.8836 0.00816961   2.00  1 ArI
23   715.59  4198.3188   4198.317 0.00179912   2.00  1 ArI
24   722.37  4200.6757  4200.6745 0.00116206   2.00  1 ArI
25   785.56  4222.6309  4222.6373 -0.0064074   2.00  1 ArII
26   827.53  4237.2182  4237.2198 -0.0016107   2.00  1 ArII
27   867.71  4251.1802  4251.1846 -0.0044124   2.00  1 ArI
28   891.25  4259.3581  4259.3619 -0.0037523   2.00  1 ArI
29   928.09  4272.1614  4272.1689 -0.0074983   2.00  1 ArI
30   943.53  4277.5256  4277.5282 -0.0026275   2.00  1 ArII
31   958.99  4282.8984  4282.8976 8.18427E-4   2.00  1 ArII
32  1008.55  4300.1188  4300.1008 0.01803023   2.00  1 ArI
33  1098.05  4331.2192  4331.1995 0.01973754   2.00  1 ArII
34  1104.78  4333.5579  4333.5612 -0.0033318   2.00  1 ArI
35  1109.88  4335.3306  4335.3379 -0.0073418   2.00  1 ArI
36  1138.18  4345.1647   4345.168 -0.0033397   2.00  1 ArI
37  1146.54  4348.0673   4348.064 0.00328148   2.00  1 ArII
38  1158.40  4352.1888  4352.2049 -0.0161159   2.00  1 ArII
39  1203.40  4367.8267  4367.8316 -0.0048648   2.00  1 ArII
40  1237.49  4379.6724  4379.6668 0.00555028   2.00  1 ArII
 1   133.67  4933.1887  4933.2091 -0.0204143   2.00  1
 2   261.25  4965.0851  4965.0795 0.00560727   2.00  1
 3   438.20  5009.3277  5009.3344 -0.0067414   2.00  1
 4   469.53  5017.1626  5017.1628 -2.4186E-4   2.00  1
 5   648.99  5062.0323  5062.0371   -0.00477   2.00  1
 6   762.81  5090.4881  5090.4951 -0.0070014   2.00  1
 7   822.94  5105.5235   5105.541 -0.0175242   2.00  1 CuI
 8   967.94  5141.7759  5141.7827 -0.0068464   2.00  1
 9   982.08  5145.3096  5145.3083 0.00130784   2.00  1
10  1013.79  5153.2393   5153.235 0.00427164   2.00  1 CuI
11  1050.09  5162.3136  5162.2846 0.02898708   2.00  1
12  1151.79  5187.7395  5187.7462 -0.0067212   2.00  1
13  1273.82  5218.2487   5218.202 0.04669979   2.00  1
14  2207.40  5451.6492   5451.652 -0.0027598   2.00  1
15  2384.42  5495.9053  5495.8738 0.03150291   2.00  1
16  2635.56  5558.6873   5558.702 -0.0147298   2.00  1
17  2691.03  5572.5553  5572.5413 0.01398351   2.00  1
18  2827.73  5606.7282   5606.733 -0.0048451   2.00  1
19  3003.69  5650.7165  5650.7043 0.01221311   2.00  1
20  3201.77  5700.2335    5700.24 -0.0065385   2.00  1 CuI
21  3358.87  5739.5058  5739.5196 -0.0137543   2.00  1
22  3529.34  5782.1199   5782.132 -0.0121438   2.00  1 CuI
23  3737.93  5834.2632  5834.2633 -9.7691E-5   2.00  1
24  3842.12  5860.3074  5860.3103 -0.0028606   2.00  1
25  3931.26  5882.5896  5882.6242 -0.0346023   2.00  1
26  3955.10  5888.5488  5888.5841 -0.0352613   2.00  1
27  4049.24   5912.082  5912.0853 -0.0032593   2.00  1
28  4116.17  5928.8118   5928.813 -0.0012006   2.00  1
29  4171.55  5942.6556  5942.6686 -0.0130412   2.00  1
30  4287.39  5971.6114  5971.6008  0.0106482   2.00  1
31  4350.12  5987.2921  5987.3016 -0.0095041   2.00  1
32  4396.96  5999.0002  5998.9987   0.001512   2.00  1
33  4423.91  6005.7367  6005.7242  0.0125027   2.00  1
34  4455.68  6013.6793  6013.6777 0.00161047   2.00  1
35  4501.60  6025.1573    6025.15 0.00728229   2.00  1
36  4529.43  6032.1145  6032.1274 -0.0128769   2.00  1
37  4573.88  6043.2248  6043.2233  0.0015225   2.00  1
38  4588.64  6046.9142  6046.8977 0.01651299   2.00  1
39  4611.91  6052.7304  6052.7229 0.00745437   2.00  1
40  4638.57  6059.3943  6059.3725 0.02175847   2.00  1
41  4764.12  6090.7762  6090.7848 -0.0086157   2.00  1
42  4796.19  6098.7933  6098.8031 -0.0097771   2.00  1
43  4805.75  6101.1819  6101.1615 0.02035042   2.00  1
44  4815.19  6103.5436   6103.539 0.00464749   2.00  1
45  4823.61  6105.6465  6105.6351 0.01135249   2.00  1
46  4860.73  6114.9262  6114.9234 0.00276977   2.00  1
47  4894.48  6123.3613  6123.3619 -6.1816E-4   2.00  1
48  4910.71  6127.4194   6127.416 0.00343456   2.00  1
49  4955.66  6138.6534  6138.6559 -0.0025432   2.00  1
50  4982.78  6145.4325  6145.4411 -0.0086417   2.00  1
